-0.77 1
0.506 1
2.548 1
0.376 1
0.113 1
-0.491 1
0.328 1
0.413 1
-0.024 1
-0.469 1
0.77 1
-0.177 1
1.632 1
0.861 1
1.666 1
0.129 1
1.358 1
1.701 1
1.123 1
0.615 1
-1.329 1
-0.205 1
-0.981 1
-0.464 1
-0.277 1
-1.248 1
-0.712 1
0.375 1
0.179 1
-0.292 1
-0.619 1
-1.657 1
-0.456 1
-1.243 1
0.856 1
-1.375 1
0.405 1
-0.503 1
-0.855 1
0.472 1
-0.295 1
0.906 1
-0.774 1
-0.878 1
1.918 1
-0.286 1
-0.21 1
-0.506 1
-1.342 1
0.733 1
0.585 2
0.332 2
-1.624 2
0.525 2
-0.832 2
-0.951 2
-1.625 2
0.764 2
0.02 2
-0.426 2
0.801 2
0.049 2
1.44 2
0.285 2
-2.081 2
-0.723 2
-1.462 2
0.073 2
-0.682 2
0.892 2
-1.199 2
0.392 2
0.256 2
-1.225 2
0.302 2
-0.047 2
-0.982 2
0.757 2
-1.604 2
-1.716 2
1.852 2
1.307 2
-1.372 2
-0.512 2
-1.769 2
2.193 2
0.96 2
-0.28 2
0.76 2
0.53 2
0.771 2
0.804 2
-0.75 2
0.115 2
0.872 2
0.902 2
0.378 2
0.512 2
-0.348 2
1.379 2
