1.358 1
-1.205 1
-2.377 1
-1.542 1
-1.232 1
1.99 1
0.971 1
1.436 1
-0.829 1
-0.475 1
2.479 1
0.176 1
-0.17 1
2.954 1
-0.218 1
1.634 1
-1.384 1
0.373 1
2.39 1
1.764 1
-1.181 1
0.158 1
-1.286 1
-0.072 1
-0.156 1
0.505 1
2.71 1
0.932 1
0.575 1
0.627 1
0.369 1
-0.477 1
1.008 1
2.177 1
-0.335 1
-1.22 1
-0.014 1
-0.975 1
-1.904 1
-0.015 1
-0.636 1
-0.955 1
-0.676 1
-3.032 1
-0.206 1
-0.098 1
-2.789 1
1.702 1
1.329 1
1.445 1
0.149 2
11.729 2
8.038 2
-3.885 2
-5.046 2
-2.848 2
-1.121 2
5.6 2
5.169 2
-3.685 2
1.353 2
-9.728 2
0.635 2
-0.685 2
-1.78 2
-1.437 2
-5.153 2
-6.057 2
3.99 2
4.253 2
0.073 2
-6.625 2
-3.608 2
4.807 2
5.31 2
0.765 2
2.65 2
5.497 2
0.874 2
0.18 2
-10.748 2
-4.588 2
3.335 2
5.133 2
2.089 2
-6.574 2
1.941 2
1.198 2
-2.353 2
7.405 2
-4.451 2
-5.49 2
4.471 2
-0.038 2
2.568 2
-3.12 2
6.663 2
-2.767 2
-5.321 2
-6.206 2
